第一组
背包容量：300；

物品重量：
14 11 36 17 40 43 14 26 10 48 16 45 41 15 31 21 37 19 48 29 30 50 13 15 9 10 46 12 49 19 49 8 11 21 11 36 13 8 50 42 45 10 28 16 9 17 18 33 23 18

物品价值：
50 72 16 69 46 9 8 59 49 28 36 1 38 28 2 35 74 71 44 61 58 55 63 59 48 41 39 9 25 9 32 50 48 19 22 3 19 51 68 9 77 4 72 46 41 20 12 15 52 77



第二组：

背包容量 600；

物品重量：
10 39 50 13 33 44 11 46 15 39 12 20 32 11 42 10 30 38 47 49 40 20 18 38 10 35 28 11 15 28 24 42 44 31 39 36 42 34 19 24 43 26 39 39 36 39 44 26 9 19 26 18 39 42 15 48 28 11 44 18 8 45 16 47 13 45 50 38 30 45 48 23 50 35 44 35 18 45 26 20 11 23 26 9 16 43 34 36 24 9 38 47 23 40 30 30 46 38 39

物品价值：
61 50 20 14 61 79 12 52 59 20 30 31 33 13 55 12 44 37 67 55 72 74 46 60 16 22 51 7 18 22 64 35 57 54 63 46 32 18 30 18 4 54 23 13 33 62 23 9 19 21 10 67 22 73 44 7 22 36 24 49 79 51 12 12 12 18 66 38 42 77 8 25 70 48 56 34 74 71 31 46 35 46 73 39 13 32 2 74 67 10 37 50 19 41 80 29 7 23 29