-41
-20
-49
-21
-41
-34
14
-41
36
-7
-35
24
-36
-11
-1
11
-37
-49
-33
33
-42
36
49
3
-38
-33
47
-43
-43
19
19
9
47
1
-18
-20
-24
14
19
-19
-4
-38
-29
-6
37
-28
-37
12
27
-45
39
-20
18
-49
-12
0
-10
38
-23
42
-8
-21
-17
-33
14
37
6
-29
4
-34
0
34
1
-5
40
8
2
6
23
30
42
-4
45
-25
-23
-22
34
-13
-11
-12
16
44
-3
-11
-7
-30
34
49
-47
1
-21
-37
14
33
-37
28
-33
15
-36
36
27
-8
-31
24
-16
-7
38
24
34
48
-27
-22
5
33
9
-26
-2
48
-20
22
38
-42
4
5
-49
10
47
-6
27
8
-10
34
-11
-25
-35
-17
38
43
-9
-8
-16
-25
-32
10
-38
-41
-18
-1
37
1
25
-39
-35
10
-23
-23
-20
43
-4
-42
-9
44
26
-16
41
-1
8
15
-15
31
