62
13
39
-80
-93
-28
25
0
27
-79
70
25
96
20
27
66
-64
68
-49
-50
-56
-50
-62
41
-89
-24
76
-84
-17
-92
50
12
-19
-60
-18
61
8
-53
20
-78
10
-64
64
87
99
39
31
9
99
-2
-7
83
-46
8
16
55
-88
31
-96
51
-60
90
-13
80
50
-88
-9
-84
95
68
-23
24
53
-94
91
60
-34
-19
-53
-40
13
-31
-35
70
25
38
65
49
-99
68
-18
17
79
70
11
-93
93
-24
13
74
70
20
-2
66
97
-20
-56
89
5
-86
87
-56
53
60
73
15
-83
-73
-11
59
-85
87
-24
-81
79
70
-12
29
-4
63
-58
-48
94
20
-68
-10
76
97
72
-56
-45
-96
3
53
60
13
97
65
22
78
99
-12
68
-13
24
-73
-89
22
61
-31
73
5
27
81
-85
55
68
-56
43
60
-19
-23
77
-91
-61
-57
22
-39
-64
29
41
-15
-43
-43
-4
-47
49
-21
66
0
56
45
71
-16
-35
68
60
-26
98
-22
-62
56
51
-63
-83
-62
-48
-33
9
11
5
57
93
35
32
-80
-54
-87
-82
-96
39
93
-89
50
29
47
7
-13
80
23
-85
-38
3
25
36
31
92
46
82
-23
-46
91
89
-40
76
-12
53
-88
-74
27
49
14
42
-60
-32
-43
-18
65
-57
27
27
46
68
-29
63
84
-9
40
-42
-4
-32
-35
82
19
35
-15
84
76
-28
-42
-99
39
79
-54
-9
98
-77
95
-82
-60
-86
3
0
-85
70
-80
33
0
57
73
94
-50
-91
-46
0
42
-98
43
68
-18
-4
25
32
65
-29
-62
-76
78
12
-30
-10
61
94
92
-67
20
-51
33
95
-97
-94
-14
68
31
-15
-55
19
23
-44
-17
-48
45
72
37
-22
48
-31
-27
82
16
